input1 = [  2,5,6,8;
            2,4,2,9;
            2,5,9,6 ];
input2 = [  2,3,4;
            3,4,6;
            2,3,8;
            2,5,7 ];
